10
1,55367252,250,430,128564072,128564072,180.25144874763916,10,,250;128564072,430;128564071
0,55367252,250,430,128564072,128564072,180.25144874763916,10,,250;128564072,430;128564071
1,62390278,250,200,128564068,128564070,181.72650973602413,9,,200;128564070,350;128564070
0,62390278,250,200,128564068,128564070,181.72650973602413,9,,200;128564070,350;128564070
1,80183537,150,200,128566335,2486710610,59.581931714384126,18,,150;8091578314,200;2486710610,350;2486710610
0,80183537,150,200,128566335,2486710610,59.581931714384126,18,,150;8091578314,200;2486710610,350;2486710610
1,80426025,250,200,8091578314,128560437,74.97015628508719,2,,200;128560437,350;2486710610,550;128560437
0,80426025,250,200,8091578314,128560437,74.97015628508719,2,,200;128560437,350;2486710610,550;128560437
1,88508474,350,730,4731117092,2486710615,129.51646893493958,22,,350;8091600918,550;2486710615,730;2486710615
0,88508474,350,730,4731117092,2486710615,129.51646893493958,22,,350;8091600918,550;2486710615,730;2486710615
1,56526374,450,630,287458449,411834913,74.92517801779353,23,,450;411834913,630;411834913
0,56526374,450,630,287458449,411834913,74.92517801779353,23,,450;411834913,630;411834913
1,31561252,450,200,128560429,2486710615,145.5072984048487,22,,200;2486710615,450;8091600918,550;2486710615
0,31561252,450,200,128560429,2486710615,145.5072984048487,22,,200;2486710615,450;8091600918,550;2486710615
1,43960319,1050,200,4731117092,2486710615,129.51646893493958,22,,200;2486710615,1050;8091600918,1150;2486710615
0,43960319,1050,200,4731117092,2486710615,129.51646893493958,22,,200;2486710615,1050;8091600918,1150;2486710615
1,36693538,350,200,7990276398,2486710615,98.45528007891889,22,,200;2486710615,350;8091600918,550;2486710615
0,36693538,350,200,7990276398,2486710615,98.45528007891889,22,,200;2486710615,350;8091600918,550;2486710615
1,25547343,250,200,8091600918,2486710615,8.178757959319219,22,,200;2486710615,350;2486710615
0,25547343,250,200,8091600918,2486710615,8.178757959319219,22,,200;2486710615,350;2486710615
